6 17 1.119373
8 17 1.230268
2 17 1.116357
7 17 0.963039
4 17 0.928471
5 17 0.869975
3 17 1.473645
9 17 0.993430
6 1 2.100601
6 2 1.122915
6 3 1.122915
6 4 1.140110
6 5 1.341103
6 6 1.354987
8 1 20.220081
8 2 12.793512
8 3 3.506088
8 4 3.383825
8 5 2.670956
8 6 2.581724
2 1 10.346505
2 2 1.503467
2 3 1.458695
2 4 1.105337
2 5 1.128642
2 6 1.504188
7 1 1.758390
7 2 1.758389
7 3 0.505873
7 4 0.436776
7 5 0.477277
7 6 0.637357
4 1 1.264982
4 2 1.138309
4 3 1.968442
4 4 2.155687
4 5 2.183963
4 6 1.685479
5 1 2.068907
5 2 0.913859
5 3 0.945114
5 4 0.957497
5 5 1.198162
5 6 1.233154
3 1 7.741117
3 2 6.810471
3 3 7.130860
3 4 6.998191
3 5 7.318562
3 6 9.606647
1 1 1.718213
1 2 1.253077
1 3 0.776225
1 4 0.695026
1 5 0.985093
1 6 1.486502
9 1 2.592709
9 2 1.371200
9 3 1.371199
9 4 1.004694
9 5 1.047126
9 6 1.197100
6 7 1.531318
6 8 1.394181
6 9 1.284242
6 10 1.135432
6 11 0.889251
6 12 0.799685
6 13 0.766888
6 14 0.631733
6 15 0.603272
2 7 1.593472
2 8 1.517985
2 9 1.446068
2 10 1.269548
2 11 1.104065
2 12 1.014267
2 13 0.976570
2 14 0.885158
2 15 0.831106
2 16 0.805535
7 7 0.835540
7 8 1.107201
7 9 1.067566
7 10 1.039246
7 11 1.064251
7 12 1.080833
7 13 1.078771
7 14 1.109579
4 7 1.691569
4 8 1.491251
4 9 1.336993
4 10 1.200970
4 11 1.077623
4 12 1.037439
4 13 1.022637
4 14 0.932739
4 15 0.927550
4 16 0.973619
5 7 1.076455
5 8 0.981715
5 9 1.231556
5 10 1.156328
5 11 1.109893
5 12 1.161489
5 13 1.215829
5 14 1.118645
5 15 1.041170
5 16 0.955262
3 7 9.251579
3 8 8.159606
3 9 6.249082
3 10 4.840021
3 11 3.757650
3 12 3.015540
3 13 2.550715
3 14 1.689655
3 15 1.695359
1 7 1.714585
1 8 1.680437
1 9 1.652502
1 10 1.613196
1 11 1.491440
1 12 1.416685
1 13 1.382460
1 14 1.304020
1 15 1.265489
1 16 1.184816
9 7 1.366428
9 8 1.176709
9 9 1.095601
9 10 1.047589
9 11 0.967899
9 12 0.939619
9 13 0.960575
6 18 0.574574
8 18 1.021201
2 18 0.945018
7 18 1.046527
4 18 1.609751
5 18 1.678697
3 18 2.267627
1 18 0.667756
